[
 [
  47.75542,
  -122.27953
 ],
 [
  47.75495,
  -122.27885
 ],
 [
  47.75455,
  -122.27884
 ],
 [
  47.75454,
  -122.27863
 ],
 [
  47.75454,
  -122.27863
 ],
 [
  47.75454,
  -122.27863
 ],
 [
  47.75476,
  -122.27857
 ],
 [
  47.7549,
  -122.27829
 ],
 [
  47.75571,
  -122.27654
 ],
 [
  47.75653,
  -122.27751
 ],
 [
  47.75653,
  -122.27751
 ],
 [
  47.75653,
  -122.27751
 ],
 [
  47.75684,
  -122.27739
 ],
 [
  47.75703,
  -122.27722
 ],
 [
  47.75703,
  -122.27676
 ],
 [
  47.75699,
  -122.27621
 ],
 [
  47.75666,
  -122.27518
 ],
 [
  47.75666,
  -122.27461
 ],
 [
  47.75674,
  -122.27434
 ],
 [
  47.75696,
  -122.27379
 ],
 [
  47.75705,
  -122.27368
 ],
 [
  47.75741,
  -122.27344
 ],
 [
  47.75777,
  -122.27257
 ],
 [
  47.75785,
  -122.27211
 ],
 [
  47.75797,
  -122.27193
 ],
 [
  47.75814,
  -122.27189
 ],
 [
  47.7583,
  -122.27194
 ],
 [
  47.75847,
  -122.27209
 ],
 [
  47.75875,
  -122.27205
 ],
 [
  47.75895,
  -122.27164
 ],
 [
  47.7592,
  -122.27094
 ],
 [
  47.75931,
  -122.27063
 ],
 [
  47.76063,
  -122.26732
 ],
 [
  47.76063,
  -122.26732
 ],
 [
  47.76063,
  -122.26732
 ],
 [
  47.76086,
  -122.26737
 ],
 [
  47.76203,
  -122.26731
 ],
 [
  47.76218,
  -122.26723
 ],
 [
  47.76262,
  -122.26663
 ],
 [
  47.76282,
  -122.26652
 ],
 [
  47.76296,
  -122.26652
 ],
 [
  47.76311,
  -122.2666
 ],
 [
  47.76332,
  -122.26689
 ],
 [
  47.76467,
  -122.26778
 ],
 [
  47.76483,
  -122.26802
 ],
 [
  47.76525,
  -122.26901
 ],
 [
  47.76542,
  -122.26918
 ],
 [
  47.76558,
  -122.26923
 ],
 [
  47.76603,
  -122.26924
 ],
 [
  47.76619,
  -122.26918
 ],
 [
  47.76623,
  -122.26908
 ],
 [
  47.76624,
  -122.26424
 ],
 [
  47.76624,
  -122.26424
 ],
 [
  47.76624,
  -122.26424
 ],
 [
  47.7666,
  -122.26425
 ],
 [
  47.76827,
  -122.2643
 ],
 [
  47.76935,
  -122.2643
 ],
 [
  47.76964,
  -122.26426
 ],
 [
  47.77048,
  -122.26395
 ],
 [
  47.77121,
  -122.26351
 ],
 [
  47.77165,
  -122.26283
 ],
 [
  47.77214,
  -122.26203
 ],
 [
  47.7724,
  -122.26171
 ],
 [
  47.77264,
  -122.26152
 ],
 [
  47.77292,
  -122.26138
 ],
 [
  47.77361,
  -122.26133
 ],
 [
  47.77467,
  -122.26141
 ],
 [
  47.77518,
  -122.26134
 ],
 [
  47.77647,
  -122.26102
 ],
 [
  47.77713,
  -122.26071
 ],
 [
  47.77784,
  -122.26032
 ],
 [
  47.77839,
  -122.25995
 ],
 [
  47.77871,
  -122.25944
 ],
 [
  47.77893,
  -122.25883
 ],
 [
  47.77923,
  -122.25824
 ],
 [
  47.7794,
  -122.25801
 ],
 [
  47.77969,
  -122.25774
 ],
 [
  47.77992,
  -122.25762
 ],
 [
  47.78018,
  -122.25748
 ],
 [
  47.78049,
  -122.25739
 ],
 [
  47.78359,
  -122.25704
 ],
 [
  47.78422,
  -122.25704
 ],
 [
  47.78595,
  -122.25703
 ],
 [
  47.78714,
  -122.25708
 ],
 [
  47.78734,
  -122.25699
 ],
 [
  47.78779,
  -122.25654
 ],
 [
  47.78812,
  -122.25631
 ],
 [
  47.78832,
  -122.25622
 ],
 [
  47.78886,
  -122.25619
 ],
 [
  47.7892,
  -122.25612
 ],
 [
  47.78946,
  -122.25597
 ],
 [
  47.79026,
  -122.25535
 ],
 [
  47.79051,
  -122.25527
 ],
 [
  47.79102,
  -122.25529
 ],
 [
  47.79157,
  -122.25549
 ],
 [
  47.79235,
  -122.25597
 ],
 [
  47.79337,
  -122.25696
 ],
 [
  47.79378,
  -122.2574
 ],
 [
  47.79507,
  -122.25898
 ],
 [
  47.79556,
  -122.25927
 ],
 [
  47.79628,
  -122.25944
 ],
 [
  47.79651,
  -122.25945
 ],
 [
  47.79683,
  -122.25933
 ],
 [
  47.79694,
  -122.25924
 ],
 [
  47.79763,
  -122.25827
 ],
 [
  47.79763,
  -122.25827
 ],
 [
  47.79763,
  -122.25827
 ],
 [
  47.7976,
  -122.25681
 ],
 [
  47.7972,
  -122.25491
 ],
 [
  47.79722,
  -122.25481
 ],
 [
  47.7974,
  -122.2547
 ],
 [
  47.79791,
  -122.25471
 ],
 [
  47.79883,
  -122.25469
 ],
 [
  47.79959,
  -122.25473
 ],
 [
  47.80026,
  -122.25501
 ],
 [
  47.80069,
  -122.25507
 ],
 [
  47.80149,
  -122.25463
 ],
 [
  47.80254,
  -122.25341
 ],
 [
  47.80283,
  -122.25311
 ],
 [
  47.80308,
  -122.25292
 ],
 [
  47.8033,
  -122.25282
 ],
 [
  47.80371,
  -122.25274
 ],
 [
  47.80415,
  -122.25274
 ],
 [
  47.80452,
  -122.2528
 ],
 [
  47.80517,
  -122.2533
 ],
 [
  47.80705,
  -122.25386
 ],
 [
  47.8097,
  -122.2546
 ],
 [
  47.81056,
  -122.25461
 ],
 [
  47.81126,
  -122.25454
 ],
 [
  47.81163,
  -122.25444
 ],
 [
  47.81356,
  -122.25396
 ],
 [
  47.81397,
  -122.25363
 ],
 [
  47.81411,
  -122.25338
 ],
 [
  47.81496,
  -122.25238
 ],
 [
  47.81524,
  -122.25216
 ],
 [
  47.81595,
  -122.25184
 ],
 [
  47.81633,
  -122.25173
 ],
 [
  47.81689,
  -122.25185
 ],
 [
  47.81792,
  -122.25234
 ],
 [
  47.81953,
  -122.2524
 ],
 [
  47.82031,
  -122.25251
 ],
 [
  47.82056,
  -122.25261
 ],
 [
  47.82123,
  -122.25301
 ],
 [
  47.82168,
  -122.25354
 ],
 [
  47.82207,
  -122.25418
 ],
 [
  47.82247,
  -122.25458
 ],
 [
  47.82295,
  -122.25488
 ],
 [
  47.82365,
  -122.25515
 ],
 [
  47.8242,
  -122.25507
 ],
 [
  47.82513,
  -122.25492
 ],
 [
  47.82525,
  -122.255
 ],
 [
  47.82525,
  -122.255
 ],
 [
  47.82525,
  -122.255
 ],
 [
  47.82592,
  -122.25334
 ],
 [
  47.82641,
  -122.25374
 ],
 [
  47.82685,
  -122.25377
 ],
 [
  47.8273,
  -122.25363
 ],
 [
  47.82782,
  -122.25337
 ],
 [
  47.82802,
  -122.25335
 ],
 [
  47.8284,
  -122.25342
 ],
 [
  47.82859,
  -122.25363
 ],
 [
  47.82935,
  -122.25418
 ],
 [
  47.82999,
  -122.25445
 ],
 [
  47.83033,
  -122.2549
 ],
 [
  47.83054,
  -122.25544
 ],
 [
  47.83087,
  -122.25677
 ],
 [
  47.8312,
  -122.25777
 ],
 [
  47.83146,
  -122.25833
 ],
 [
  47.83159,
  -122.25844
 ],
 [
  47.83212,
  -122.259
 ],
 [
  47.83241,
  -122.2594
 ],
 [
  47.83259,
  -122.25955
 ],
 [
  47.83287,
  -122.25957
 ],
 [
  47.83309,
  -122.25947
 ],
 [
  47.83348,
  -122.25912
 ],
 [
  47.83399,
  -122.25906
 ],
 [
  47.83443,
  -122.25895
 ],
 [
  47.83485,
  -122.25882
 ],
 [
  47.83548,
  -122.25853
 ],
 [
  47.83577,
  -122.25852
 ],
 [
  47.83577,
  -122.25852
 ],
 [
  47.83577,
  -122.25852
 ],
 [
  47.83523,
  -122.26035
 ],
 [
  47.83455,
  -122.26268
 ],
 [
  47.8344,
  -122.26476
 ],
 [
  47.83448,
  -122.2653
 ],
 [
  47.83465,
  -122.26574
 ],
 [
  47.8357,
  -122.26752
 ],
 [
  47.83638,
  -122.26872
 ],
 [
  47.83644,
  -122.26893
 ],
 [
  47.83644,
  -122.26917
 ],
 [
  47.83578,
  -122.27202
 ],
 [
  47.83582,
  -122.27258
 ],
 [
  47.836,
  -122.27294
 ],
 [
  47.83613,
  -122.27306
 ],
 [
  47.83681,
  -122.2733
 ],
 [
  47.8376,
  -122.27348
 ],
 [
  47.83773,
  -122.27355
 ],
 [
  47.83786,
  -122.27372
 ],
 [
  47.83793,
  -122.27397
 ],
 [
  47.8379,
  -122.27596
 ],
 [
  47.83786,
  -122.27839
 ],
 [
  47.83786,
  -122.27839
 ],
 [
  47.83786,
  -122.27839
 ],
 [
  47.83884,
  -122.27843
 ],
 [
  47.83934,
  -122.27815
 ],
 [
  47.84227,
  -122.2782
 ],
 [
  47.84292,
  -122.27821
 ],
 [
  47.8428,
  -122.29251
 ],
 [
  47.8428,
  -122.29251
 ],
 [
  47.8428,
  -122.29251
 ],
 [
  47.84345,
  -122.29251
 ],
 [
  47.84668,
  -122.29253
 ],
 [
  47.84668,
  -122.29253
 ],
 [
  47.84668,
  -122.29253
 ],
 [
  47.84669,
  -122.29327
 ],
 [
  47.84654,
  -122.29526
 ],
 [
  47.8466,
  -122.30246
 ],
 [
  47.84661,
  -122.31517
 ],
 [
  47.84662,
  -122.31707
 ],
 [
  47.84648,
  -122.31764
 ],
 [
  47.84659,
  -122.31791
 ],
 [
  47.84661,
  -122.3182
 ],
 [
  47.84666,
  -122.32238
 ],
 [
  47.84856,
  -122.32244
 ],
 [
  47.84856,
  -122.32244
 ],
 [
  47.84856,
  -122.32244
 ],
 [
  47.84908,
  -122.3256
 ],
 [
  47.84934,
  -122.32692
 ],
 [
  47.84948,
  -122.3273
 ],
 [
  47.84958,
  -122.32743
 ],
 [
  47.84986,
  -122.32764
 ],
 [
  47.85066,
  -122.32768
 ],
 [
  47.85183,
  -122.32822
 ],
 [
  47.85229,
  -122.32863
 ],
 [
  47.85266,
  -122.32906
 ],
 [
  47.85315,
  -122.33023
 ],
 [
  47.85378,
  -122.33196
 ],
 [
  47.85373,
  -122.33258
 ],
 [
  47.85374,
  -122.33368
 ],
 [
  47.85406,
  -122.33361
 ],
 [
  47.85556,
  -122.33327
 ],
 [
  47.85602,
  -122.33325
 ],
 [
  47.85742,
  -122.3332
 ],
 [
  47.85742,
  -122.3332
 ],
 [
  47.85742,
  -122.3332
 ],
 [
  47.85797,
  -122.3333
 ],
 [
  47.8583655457231,
  -122.3336192379
 ],
 [
  47.858732677102,
  -122.333812356949
 ],
 [
  47.8588622522621,
  -122.33331883049
 ],
 [
  47.8589990256908,
  -122.332428337097
 ],
 [
  47.8591861887455,
  -122.331570030212
 ],
 [
  47.8593013656741,
  -122.330937028885
 ],
 [
  47.8594237408803,
  -122.33084046936
 ],
 [
  47.8594885276373,
  -122.331173063278
 ],
 [
  47.8593517554999,
  -122.332417608261
 ],
 [
  47.8593589540424,
  -122.333469034195
 ],
 [
  47.8594597335331,
  -122.334209323883
 ],
 [
  47.8599924218722,
  -122.334488273621
 ],
 [
  47.8599348342075,
  -122.335196376801
 ],
 [
  47.8598772464788,
  -122.334606290817
 ],
 [
  47.8594093438122,
  -122.334370256424
 ],
 [
  47.8592581743559,
  -122.333501220703
 ],
 [
  47.8593270723927,
  -122.332166292428
 ],
 [
  47.8593805496641,
  -122.331130147934
 ],
 [
  47.8591441859057,
  -122.332421838482
 ],
 [
  47.8589078221474,
  -122.333713529029
 ],
 [
  47.8588838480906,
  -122.333844543457
 ],
 [
  47.858631896198,
  -122.33397328949
 ],
 [
  47.8579192256435,
  -122.333447576523
 ],
 [
  47.85793,
  -122.33329
 ],
 [
  47.85742,
  -122.3332
 ],
 [
  47.85742,
  -122.3332
 ],
 [
  47.85742,
  -122.3332
 ],
 [
  47.85556,
  -122.33327
 ],
 [
  47.85374,
  -122.33368
 ],
 [
  47.85231,
  -122.33426
 ],
 [
  47.85125,
  -122.33475
 ],
 [
  47.85077,
  -122.33508
 ],
 [
  47.85002,
  -122.3353
 ],
 [
  47.84949,
  -122.33554
 ],
 [
  47.84911,
  -122.33578
 ],
 [
  47.84891,
  -122.33584
 ],
 [
  47.84767,
  -122.33584
 ],
 [
  47.84618,
  -122.3359
 ],
 [
  47.84381,
  -122.33591
 ],
 [
  47.84381,
  -122.33591
 ],
 [
  47.84381,
  -122.33591
 ],
 [
  47.8438,
  -122.33752
 ],
 [
  47.84472,
  -122.33912
 ],
 [
  47.84454,
  -122.33939
 ],
 [
  47.84247,
  -122.34243
 ],
 [
  47.8424,
  -122.34262
 ],
 [
  47.84239,
  -122.34316
 ],
 [
  47.84234,
  -122.34369
 ],
 [
  47.84221,
  -122.34412
 ],
 [
  47.84208,
  -122.34431
 ],
 [
  47.84166,
  -122.34466
 ],
 [
  47.84147,
  -122.3449
 ],
 [
  47.84121,
  -122.34566
 ],
 [
  47.84097,
  -122.34875
 ],
 [
  47.84087,
  -122.34952
 ],
 [
  47.84056,
  -122.35044
 ],
 [
  47.84006,
  -122.35165
 ],
 [
  47.83979,
  -122.35202
 ],
 [
  47.83904,
  -122.35276
 ],
 [
  47.83853,
  -122.35318
 ],
 [
  47.83795,
  -122.35344
 ],
 [
  47.83749,
  -122.3534
 ],
 [
  47.83718,
  -122.35331
 ],
 [
  47.8368,
  -122.35313
 ],
 [
  47.83645,
  -122.35308
 ],
 [
  47.83566,
  -122.35345
 ],
 [
  47.83547,
  -122.35341
 ],
 [
  47.83504,
  -122.35315
 ],
 [
  47.83504,
  -122.35315
 ],
 [
  47.83504,
  -122.35315
 ],
 [
  47.83496,
  -122.35348
 ],
 [
  47.83496,
  -122.35408
 ],
 [
  47.83516,
  -122.35497
 ],
 [
  47.83516,
  -122.3554
 ],
 [
  47.83502,
  -122.35569
 ],
 [
  47.83446,
  -122.35622
 ],
 [
  47.83427,
  -122.35646
 ],
 [
  47.83415,
  -122.3567
 ],
 [
  47.83376,
  -122.35811
 ],
 [
  47.83349,
  -122.35893
 ],
 [
  47.83321,
  -122.35939
 ],
 [
  47.83289,
  -122.3597
 ],
 [
  47.83198,
  -122.36027
 ],
 [
  47.83131,
  -122.36063
 ],
 [
  47.83025,
  -122.36092
 ],
 [
  47.82995,
  -122.36105
 ],
 [
  47.82927,
  -122.3616
 ],
 [
  47.82891,
  -122.36172
 ],
 [
  47.82725,
  -122.36176
 ],
 [
  47.82595,
  -122.36175
 ],
 [
  47.82595,
  -122.36175
 ],
 [
  47.82595,
  -122.36175
 ],
 [
  47.82595,
  -122.36234
 ],
 [
  47.82599,
  -122.3669
 ],
 [
  47.82599,
  -122.3669
 ],
 [
  47.82599,
  -122.3669
 ],
 [
  47.82583,
  -122.367
 ],
 [
  47.82551,
  -122.367
 ],
 [
  47.82421,
  -122.3669
 ],
 [
  47.82346,
  -122.36687
 ],
 [
  47.82331,
  -122.36697
 ],
 [
  47.82261,
  -122.367
 ],
 [
  47.82155,
  -122.36703
 ],
 [
  47.82134,
  -122.36675
 ],
 [
  47.82134,
  -122.36675
 ],
 [
  47.82134,
  -122.36675
 ],
 [
  47.82109,
  -122.36698
 ],
 [
  47.82109,
  -122.36697
 ],
 [
  47.82095,
  -122.36704
 ],
 [
  47.8184,
  -122.367
 ],
 [
  47.81815,
  -122.36709
 ],
 [
  47.81795,
  -122.36731
 ],
 [
  47.81795,
  -122.36731
 ],
 [
  47.81795,
  -122.36731
 ],
 [
  47.81778,
  -122.36776
 ],
 [
  47.81779,
  -122.3738
 ],
 [
  47.8178,
  -122.37581
 ],
 [
  47.817792318788,
  -122.376287818909
 ],
 [
  47.8177851144759,
  -122.376899362564
 ],
 [
  47.8174248975957,
  -122.377274871826
 ],
 [
  47.8166551468642,
  -122.37796452392
 ],
 [
  47.8165387534345,
  -122.378068805695
 ],
 [
  47.8157696940511,
  -122.378760152428
 ],
 [
  47.8153572043604,
  -122.379130960464
 ],
 [
  47.8145948744221,
  -122.379838626904
 ],
 [
  47.8142476764839,
  -122.380160928726
 ],
 [
  47.81425,
  -122.38016
 ],
 [
  47.81325,
  -122.38101
 ],
 [
  47.812468870286,
  -122.381670615268
 ],
 [
  47.8123383684702,
  -122.381780982971
 ],
 [
  47.8124608544878,
  -122.38224768734
 ],
 [
  47.8126229678904,
  -122.382494450569
 ],
 [
  47.8128139008045,
  -122.382462264061
 ],
 [
  47.8133254534537,
  -122.381818533897
 ],
 [
  47.8134803592478,
  -122.381711245537
 ],
 [
  47.8141900380243,
  -122.382494450569
 ],
 [
  47.8140891705662,
  -122.382623196602
 ],
 [
  47.8134407322282,
  -122.381839991569
 ],
 [
  47.8127170970939,
  -122.382632617599
 ],
 [
  47.8126914156196,
  -122.382660747528
 ],
 [
  47.8124500469096,
  -122.382585645676
 ],
 [
  47.8120219124498,
  -122.381409686906
 ],
 [
  47.81159377799,
  -122.380233728136
 ],
 [
  47.8113836881377,
  -122.379656673431
 ],
 [
  47.8105935515944,
  -122.380293072645
 ],
 [
  47.8105911100003,
  -122.380295039177
 ],
 [
  47.81059,
  -122.38029
 ],
 [
  47.80956,
  -122.38033
 ],
 [
  47.80871,
  -122.38032
 ],
 [
  47.80845,
  -122.38026
 ],
 [
  47.80162,
  -122.38025
 ],
 [
  47.79964,
  -122.38018
 ],
 [
  47.79964,
  -122.38018
 ],
 [
  47.79964,
  -122.38018
 ],
 [
  47.79945,
  -122.38022
 ],
 [
  47.79903,
  -122.3802
 ],
 [
  47.7985,
  -122.38031
 ],
 [
  47.79779,
  -122.38084
 ],
 [
  47.79748,
  -122.38116
 ],
 [
  47.79697,
  -122.38167
 ],
 [
  47.79599,
  -122.38303
 ],
 [
  47.79622,
  -122.38361
 ],
 [
  47.79626,
  -122.38398
 ],
 [
  47.7964,
  -122.38449
 ],
 [
  47.79652,
  -122.38474
 ],
 [
  47.79706,
  -122.38543
 ],
 [
  47.79719,
  -122.38569
 ],
 [
  47.79726,
  -122.386
 ],
 [
  47.79726,
  -122.386
 ],
 [
  47.79726,
  -122.386
 ],
 [
  47.79712,
  -122.38626
 ],
 [
  47.79697,
  -122.3864
 ],
 [
  47.79589,
  -122.38627
 ],
 [
  47.79569,
  -122.38637
 ],
 [
  47.7956892953514,
  -122.386374366467
 ],
 [
  47.79564,
  -122.3864
 ],
 [
  47.79538,
  -122.38691
 ],
 [
  47.79502,
  -122.38796
 ],
 [
  47.79481,
  -122.38816
 ],
 [
  47.79457,
  -122.38817
 ],
 [
  47.79345,
  -122.38815
 ],
 [
  47.79328,
  -122.38811
 ],
 [
  47.79305,
  -122.38798
 ],
 [
  47.79291,
  -122.38772
 ],
 [
  47.79285,
  -122.38737
 ],
 [
  47.7928698178409,
  -122.386884462898
 ],
 [
  47.79287,
  -122.38688
 ],
 [
  47.79293,
  -122.38662
 ],
 [
  47.79329,
  -122.38596
 ],
 [
  47.79363,
  -122.3851
 ],
 [
  47.79374,
  -122.38468
 ],
 [
  47.79388,
  -122.38358
 ],
 [
  47.79325,
  -122.38326
 ],
 [
  47.79289,
  -122.38322
 ],
 [
  47.79213,
  -122.3833
 ],
 [
  47.79151,
  -122.38341
 ],
 [
  47.79119,
  -122.38363
 ],
 [
  47.79016,
  -122.38474
 ],
 [
  47.78964,
  -122.38582
 ],
 [
  47.78945,
  -122.38601
 ],
 [
  47.78915,
  -122.38614
 ],
 [
  47.78856,
  -122.38603
 ],
 [
  47.78737,
  -122.38565
 ],
 [
  47.78668,
  -122.38562
 ],
 [
  47.78594,
  -122.38559
 ],
 [
  47.7852,
  -122.38565
 ],
 [
  47.78336,
  -122.38558
 ],
 [
  47.78129,
  -122.38558
 ],
 [
  47.78129,
  -122.38558
 ],
 [
  47.78129,
  -122.38558
 ],
 [
  47.7808,
  -122.38612
 ],
 [
  47.78069,
  -122.38639
 ],
 [
  47.78064,
  -122.38672
 ],
 [
  47.78065,
  -122.38786
 ],
 [
  47.78057,
  -122.38804
 ],
 [
  47.78037,
  -122.38824
 ],
 [
  47.78014,
  -122.3883
 ],
 [
  47.77978,
  -122.3883
 ],
 [
  47.7779,
  -122.38822
 ],
 [
  47.7775,
  -122.38762
 ],
 [
  47.77609,
  -122.38554
 ],
 [
  47.77433,
  -122.38278
 ],
 [
  47.77433,
  -122.38278
 ],
 [
  47.77433,
  -122.38278
 ],
 [
  47.77402,
  -122.38276
 ],
 [
  47.77052,
  -122.38267
 ],
 [
  47.77052,
  -122.38267
 ],
 [
  47.77052,
  -122.38267
 ],
 [
  47.77052,
  -122.38333
 ],
 [
  47.77052,
  -122.3853
 ],
 [
  47.77052,
  -122.3853
 ],
 [
  47.77052,
  -122.3853
 ],
 [
  47.76783,
  -122.38526
 ],
 [
  47.76712,
  -122.38523
 ],
 [
  47.76704,
  -122.38519
 ],
 [
  47.76699,
  -122.385
 ],
 [
  47.76699,
  -122.38261
 ],
 [
  47.76748,
  -122.38261
 ],
 [
  47.76904,
  -122.38264
 ],
 [
  47.77067,
  -122.38267
 ],
 [
  47.77064,
  -122.37823
 ],
 [
  47.77059,
  -122.37783
 ],
 [
  47.77047,
  -122.37752
 ],
 [
  47.77027,
  -122.37723
 ],
 [
  47.7674,
  -122.37718
 ],
 [
  47.76584,
  -122.37718
 ],
 [
  47.76584,
  -122.37718
 ],
 [
  47.76584,
  -122.37718
 ],
 [
  47.76592,
  -122.37426
 ],
 [
  47.76581,
  -122.37313
 ],
 [
  47.76367,
  -122.37311
 ],
 [
  47.7634,
  -122.37326
 ],
 [
  47.76243,
  -122.37415
 ],
 [
  47.76181,
  -122.37482
 ],
 [
  47.76181,
  -122.37482
 ],
 [
  47.76181,
  -122.37482
 ],
 [
  47.76039,
  -122.3748
 ],
 [
  47.75824,
  -122.37481
 ],
 [
  47.75787,
  -122.37474
 ],
 [
  47.75757,
  -122.37477
 ],
 [
  47.75744,
  -122.37482
 ],
 [
  47.75716,
  -122.37518
 ],
 [
  47.75716,
  -122.37518
 ],
 [
  47.75716,
  -122.37518
 ],
 [
  47.75709,
  -122.37562
 ],
 [
  47.75694,
  -122.3759
 ],
 [
  47.75681,
  -122.376
 ],
 [
  47.75553,
  -122.37621
 ],
 [
  47.75463,
  -122.37667
 ],
 [
  47.7544,
  -122.37669
 ],
 [
  47.75382,
  -122.37662
 ],
 [
  47.75345,
  -122.37668
 ],
 [
  47.75308,
  -122.37689
 ],
 [
  47.75279,
  -122.37717
 ],
 [
  47.75279,
  -122.37717
 ],
 [
  47.75279,
  -122.37717
 ],
 [
  47.75256,
  -122.37686
 ],
 [
  47.75243,
  -122.3768
 ],
 [
  47.75213,
  -122.37679
 ],
 [
  47.75199,
  -122.3767
 ],
 [
  47.75192,
  -122.37638
 ],
 [
  47.75198,
  -122.37621
 ],
 [
  47.75212,
  -122.37605
 ],
 [
  47.75313,
  -122.37551
 ],
 [
  47.75313,
  -122.37551
 ],
 [
  47.75313,
  -122.37551
 ],
 [
  47.75325,
  -122.37536
 ],
 [
  47.75333,
  -122.3751
 ],
 [
  47.75332,
  -122.37461
 ],
 [
  47.75241,
  -122.37494
 ],
 [
  47.75241,
  -122.37494
 ],
 [
  47.75241,
  -122.37494
 ],
 [
  47.75279,
  -122.37383
 ],
 [
  47.75301,
  -122.37345
 ],
 [
  47.75331,
  -122.37325
 ],
 [
  47.75376,
  -122.37304
 ],
 [
  47.75423,
  -122.3727
 ],
 [
  47.75463,
  -122.3723
 ],
 [
  47.75485,
  -122.37201
 ],
 [
  47.75538,
  -122.37111
 ],
 [
  47.75538,
  -122.37111
 ],
 [
  47.75538,
  -122.37111
 ],
 [
  47.75564,
  -122.37005
 ],
 [
  47.75571,
  -122.36952
 ],
 [
  47.75571,
  -122.36952
 ],
 [
  47.75571,
  -122.36952
 ],
 [
  47.75592,
  -122.36947
 ],
 [
  47.75624,
  -122.36927
 ],
 [
  47.75642,
  -122.36922
 ],
 [
  47.75782,
  -122.36922
 ],
 [
  47.75944,
  -122.36921
 ],
 [
  47.75959,
  -122.36909
 ],
 [
  47.75964,
  -122.36889
 ],
 [
  47.75963,
  -122.36446
 ],
 [
  47.75963,
  -122.3595
 ],
 [
  47.75958,
  -122.35936
 ],
 [
  47.75931,
  -122.35907
 ],
 [
  47.75925,
  -122.35851
 ],
 [
  47.75963,
  -122.35851
 ],
 [
  47.76048,
  -122.35851
 ],
 [
  47.7605,
  -122.35643
 ],
 [
  47.76086,
  -122.35648
 ],
 [
  47.76263,
  -122.35663
 ],
 [
  47.76264,
  -122.35605
 ],
 [
  47.76257,
  -122.35592
 ],
 [
  47.7618,
  -122.35553
 ],
 [
  47.7618,
  -122.35553
 ],
 [
  47.7618,
  -122.35553
 ],
 [
  47.76181,
  -122.35493
 ],
 [
  47.76181,
  -122.35493
 ],
 [
  47.76181,
  -122.35493
 ],
 [
  47.76154,
  -122.35485
 ],
 [
  47.7613843677458,
  -122.3548033247
 ],
 [
  47.7613915798804,
  -122.35452973938
 ],
 [
  47.76139,
  -122.35453
 ],
 [
  47.7614,
  -122.35306
 ],
 [
  47.76077,
  -122.35306
 ],
 [
  47.76055,
  -122.353
 ],
 [
  47.76038,
  -122.35277
 ],
 [
  47.76033,
  -122.35259
 ],
 [
  47.76037,
  -122.35214
 ],
 [
  47.76047,
  -122.35189
 ],
 [
  47.7608,
  -122.35116
 ],
 [
  47.76081,
  -122.34846
 ],
 [
  47.76081,
  -122.34846
 ],
 [
  47.76081,
  -122.34846
 ],
 [
  47.76149,
  -122.34848
 ],
 [
  47.76503,
  -122.34856
 ],
 [
  47.76575,
  -122.34864
 ],
 [
  47.76778,
  -122.34887
 ],
 [
  47.7678,
  -122.34365
 ],
 [
  47.76794,
  -122.3436
 ],
 [
  47.76846,
  -122.34315
 ],
 [
  47.76896,
  -122.34283
 ],
 [
  47.76985,
  -122.34237
 ],
 [
  47.77012,
  -122.34216
 ],
 [
  47.77051,
  -122.34207
 ],
 [
  47.77087,
  -122.34187
 ],
 [
  47.77185,
  -122.34149
 ],
 [
  47.77223,
  -122.34126
 ],
 [
  47.77291,
  -122.34098
 ],
 [
  47.77326,
  -122.34085
 ],
 [
  47.77358,
  -122.34083
 ],
 [
  47.77357,
  -122.34062
 ],
 [
  47.77326,
  -122.34061
 ],
 [
  47.77326,
  -122.34061
 ],
 [
  47.77326,
  -122.34061
 ],
 [
  47.77326,
  -122.34014
 ],
 [
  47.77327,
  -122.33791
 ],
 [
  47.77327,
  -122.33791
 ],
 [
  47.77327,
  -122.33791
 ],
 [
  47.77206,
  -122.33789
 ],
 [
  47.77055,
  -122.33786
 ],
 [
  47.77056,
  -122.33518
 ],
 [
  47.77056,
  -122.33518
 ],
 [
  47.77056,
  -122.33518
 ],
 [
  47.77052,
  -122.33317
 ],
 [
  47.77044,
  -122.32772
 ],
 [
  47.77032,
  -122.32262
 ],
 [
  47.77026,
  -122.32197
 ],
 [
  47.77025,
  -122.32092
 ],
 [
  47.77029,
  -122.32077
 ],
 [
  47.77026,
  -122.31929
 ],
 [
  47.77009,
  -122.31902
 ],
 [
  47.76992,
  -122.31888
 ],
 [
  47.76979,
  -122.31887
 ],
 [
  47.76686,
  -122.31884
 ],
 [
  47.76778,
  -122.31829
 ],
 [
  47.76796,
  -122.31811
 ],
 [
  47.76802,
  -122.31797
 ],
 [
  47.76806,
  -122.31758
 ],
 [
  47.76798,
  -122.31729
 ],
 [
  47.76778,
  -122.31705
 ],
 [
  47.76684,
  -122.3163
 ],
 [
  47.76653,
  -122.31586
 ],
 [
  47.76641,
  -122.3156
 ],
 [
  47.76576,
  -122.31349
 ],
 [
  47.76507,
  -122.31227
 ],
 [
  47.76496,
  -122.31198
 ],
 [
  47.76478,
  -122.31074
 ],
 [
  47.76436,
  -122.30995
 ],
 [
  47.76426,
  -122.30964
 ],
 [
  47.76428,
  -122.30916
 ],
 [
  47.76453,
  -122.30826
 ],
 [
  47.76456,
  -122.308
 ],
 [
  47.76456,
  -122.30763
 ],
 [
  47.76442,
  -122.30684
 ],
 [
  47.76432,
  -122.30627
 ],
 [
  47.76424,
  -122.30459
 ],
 [
  47.76397,
  -122.30397
 ],
 [
  47.76357,
  -122.30274
 ],
 [
  47.76335,
  -122.30228
 ],
 [
  47.76302,
  -122.30182
 ],
 [
  47.76295,
  -122.30165
 ],
 [
  47.76287,
  -122.30108
 ],
 [
  47.7628,
  -122.30094
 ],
 [
  47.7624,
  -122.30058
 ],
 [
  47.76225,
  -122.30034
 ],
 [
  47.76192,
  -122.29976
 ],
 [
  47.76166,
  -122.29938
 ],
 [
  47.76107,
  -122.29891
 ],
 [
  47.76107,
  -122.29891
 ],
 [
  47.76107,
  -122.29891
 ],
 [
  47.76101,
  -122.29888
 ],
 [
  47.76083,
  -122.29806
 ],
 [
  47.76061,
  -122.29783
 ],
 [
  47.76019,
  -122.29752
 ],
 [
  47.75949,
  -122.29725
 ],
 [
  47.75913,
  -122.29691
 ],
 [
  47.75896,
  -122.29658
 ],
 [
  47.75886,
  -122.29622
 ],
 [
  47.75882,
  -122.29585
 ],
 [
  47.75884,
  -122.29548
 ],
 [
  47.7591,
  -122.29415
 ],
 [
  47.7591,
  -122.2937
 ],
 [
  47.75876,
  -122.29198
 ],
 [
  47.75847,
  -122.29136
 ],
 [
  47.75754,
  -122.29045
 ],
 [
  47.75728,
  -122.29008
 ],
 [
  47.7571,
  -122.28965
 ],
 [
  47.75645,
  -122.28747
 ],
 [
  47.75614,
  -122.2873
 ],
 [
  47.75529,
  -122.28599
 ],
 [
  47.75221,
  -122.28153
 ],
 [
  47.75221,
  -122.28153
 ],
 [
  47.75221,
  -122.28153
 ],
 [
  47.75243,
  -122.28103
 ],
 [
  47.7525,
  -122.28065
 ],
 [
  47.7525,
  -122.28065
 ],
 [
  47.7525,
  -122.28065
 ],
 [
  47.75378,
  -122.28069
 ],
 [
  47.75586,
  -122.28073
 ],
 [
  47.75597,
  -122.28055
 ],
 [
  47.75598,
  -122.28039
 ],
 [
  47.75593,
  -122.28023
 ],
 [
  47.75572,
  -122.27997
 ]
]